ETTh1_96_96_MSGNet_ETTh1_ftM_sl96_ll48_pl96_dm32_nh8_el1_dl1_df64_fc3_ebtimeF_dtTrue_Exp_0  
nd:0.5175583958625793, nrmse:0.7864816784858704, mse:0.39191123843193054, mae:0.41196906566619873, rse:0.5946311354637146, mape:10.39957046508789

time:287.0687847137451

ETTh1_96_192_MSGNet_ETTh1_ftM_sl96_ll48_pl192_dm32_nh8_el1_dl1_df64_fc3_ebtimeF_dtTrue_Exp_0  
nd:0.5540555715560913, nrmse:0.8335508108139038, mse:0.44253095984458923, mae:0.44217386841773987, rse:0.6317183971405029, mape:10.563325881958008

time:225.942866563797

ETTh1_96_96_MSGNet_ETTh1_ftM_sl96_ll48_pl96_dm32_nh8_el1_dl1_df64_fc3_ebtimeF_dtTrue_Exp_0  
nd:0.5188426971435547, nrmse:0.7874566912651062, mse:0.3928835093975067, mae:0.41299131512641907, rse:0.5953682661056519, mape:10.380127906799316

time:290.66574215888977

